1000
81 20 50
76 54 34
30 30 81
34 87 96
50 26 100
36 51 85
28 85 10
67 44 24
54 95 50
31 28 22
57 21 86
92 29 100
26 64 22
26 69 21
96 60 48
58 6 56
52 64 16
29 88 22
74 72 25
70 75 44
36 13 51
20 51 61
7 49 11
48 49 53
51 1 44
42 48 25
44 98 50
97 1 27
76 9 27
15 8 39
14 99 2
39 5 40
81 72 30
58 88 82
81 81 12
57 41 52
15 76 7
41 3 58
97 88 49
29 73 18
57 87 53
90 94 56
57 97 26
12 16 38
14 37 7
64 83 68
52 1 68
1 6 78
62 79 48
86 71 74
84 33 64
74 44 11
89 92 92
90 76 49
27 11 73
31 21 29
60 53 96
30 25 81
9 80 100
30 89 82
95 93 19
76 25 96
36 0 32
18 74 38
85 20 61
37 19 5
70 1 79
47 45 7
93 93 54
29 49 74
8 69 85
50 90 29
50 27 79
23 30 74
11 0 55
85 57 87
21 62 14
93 51 58
30 99 35
95 89 94
87 8 90
61 12 16
46 96 39
8 31 99
75 86 79
99 41 59
64 67 23
84 24 74
14 3 40
45 71 100
9 45 53
48 13 32
92 21 97
88 4 18
58 93 65
47 8 53
93 22 89
19 35 1
78 5 41
14 19 13
0 44 91
89 19 17
74 74 67
31 62 44
36 7 96
86 72 49
33 75 71
84 16 73
76 67 20
83 63 47
85 59 29
57 3 22
60 14 48
96 56 11
77 12 16
77 17 86
31 94 28
32 8 93
42 70 15
46 58 45
77 58 2
97 13 22
77 71 42
2 81 38
7 21 71
13 23 44
11 98 99
29 5 87
74 55 15
21 58 89
68 68 43
87 93 78
18 39 38
90 90 24
29 91 69
97 43 18
41 26 6
57 9 83
17 24 42
3 77 98
91 53 88
17 70 76
63 85 29
45 23 10
64 50 61
85 1 66
13 90 98
61 2 92
94 33 19
7 26 83
94 57 20
67 58 93
20 90 91
17 41 86
22 29 52
67 95 84
28 54 62
27 88 37
7 13 29
48 52 100
65 81 58
33 96 41
14 10 51
58 3 84
12 63 2
94 93 29
85 70 28
31 77 54
99 45 30
24 96 41
25 72 29
61 9 44
58 70 95
67 99 31
15 93 58
54 22 85
19 5 92
49 54 47
0 11 100
9 12 49
71 12 48
42 24 18
0 81 30
31 38 30
38 64 49
62 50 61
15 1 35
51 95 1
26 57 95
36 46 15
50 88 97
0 34 90
36 43 16
21 97 2
42 32 77
17 38 8
11 36 90
18 61 65
0 59 21
65 15 71
33 80 44
16 64 37
76 92 17
27 54 29
31 61 13
82 10 12
92 7 85
65 41 86
62 46 26
91 85 25
29 46 7
81 88 71
78 5 95
63 43 97
59 41 60
8 0 64
46 80 93
87 46 69
99 20 22
32 55 89
4 50 67
29 49 82
82 51 90
33 14 6
83 9 55
49 78 50
64 33 56
86 38 61
60 70 33
68 7 28
4 93 51
84 10 32
26 4 82
41 1 38
35 53 91
81 28 46
12 65 51
54 35 92
48 96 50
40 34 83
99 2 48
70 17 10
46 4 51
86 33 58
15 93 60
40 70 57
4 2 68
92 69 1
50 91 80
91 36 66
24 77 91
81 75 49
0 64 26
23 76 89
55 66 12
11 29 93
9 51 87
96 52 47
62 89 98
64 39 51
24 57 90
8 76 64
3 75 37
83 82 27
34 52 91
52 98 62
42 46 31
13 3 90
45 1 51
69 72 35
89 98 43
3 10 3
66 22 8
47 67 98
18 39 45
62 12 75
45 69 40
94 60 63
6 31 75
15 21 99
11 11 97
61 13 44
65 45 43
74 45 90
32 50 18
97 41 64
46 12 52
50 35 99
94 35 79
23 7 20
36 65 52
17 45 20
9 37 40
94 15 28
54 32 86
77 79 62
47 58 6
37 76 15
26 67 8
58 82 91
57 51 87
67 27 26
3 23 83
45 75 3
83 31 36
97 23 92
48 9 88
23 43 35
89 77 89
23 74 5
4 82 21
8 3 90
16 3 81
79 73 87
48 65 55
59 55 97
39 48 100
83 20 38
94 14 71
47 31 88
59 40 18
79 13 63
67 78 6
27 4 37
10 53 19
74 27 94
55 38 99
94 13 2
44 5 50
29 29 8
68 27 21
14 87 16
79 34 71
47 83 67
12 91 95
19 80 53
55 72 20
77 28 31
43 97 2
15 79 15
86 57 69
11 97 35
89 43 20
49 99 1
21 9 42
82 66 1
55 2 51
1 71 80
89 43 62
67 70 17
96 93 57
96 95 43
86 15 13
38 32 38
45 87 49
54 27 6
48 16 77
45 14 22
49 40 68
6 37 89
85 59 23
57 50 46
37 30 16
81 40 60
50 8 28
32 64 100
11 92 30
66 70 32
46 49 95
12 57 89
93 95 98
26 55 66
48 71 66
84 18 52
60 56 32
30 90 70
17 6 9
47 59 31
37 15 14
99 37 82
29 9 56
15 25 42
56 4 19
11 83 96
9 24 20
73 19 32
40 9 40
50 2 87
1 74 39
58 94 38
59 83 59
98 67 89
23 18 38
20 25 6
59 44 80
87 39 89
18 37 65
51 58 87
2 53 57
75 40 25
32 80 22
65 99 84
4 50 37
78 42 71
71 39 1
9 88 67
16 48 37
2 7 22
34 81 46
76 99 46
67 94 8
88 34 85
75 18 14
75 74 22
80 83 77
31 17 3
92 58 1
30 67 53
60 40 18
43 75 10
15 99 14
92 81 4
75 90 60
84 51 50
39 87 57
50 6 80
51 72 4
99 73 28
65 95 56
99 74 85
6 79 87
57 20 32
26 60 24
60 57 47
28 60 26
64 28 43
28 9 14
36 85 46
24 77 2
96 68 61
34 79 4
3 74 78
98 0 63
89 9 67
92 10 33
5 2 83
77 50 20
80 18 89
26 67 17
11 59 3
14 80 42
48 32 96
1 52 5
2 31 13
81 83 32
35 12 42
65 63 94
61 25 7
69 99 51
39 28 97
74 29 49
4 52 8
64 79 72
75 42 53
76 92 39
72 58 61
41 5 28
64 4 33
44 61 53
82 7 24
12 30 60
27 45 61
77 86 73
64 23 73
94 3 39
0 33 41
2 95 20
63 43 3
86 70 52
37 24 83
27 35 55
95 2 15
45 42 25
9 19 62
69 8 67
56 49 73
53 32 41
34 83 50
7 79 37
41 56 28
41 42 44
76 70 68
74 28 28
33 34 9
28 87 11
22 86 64
66 30 28
67 27 72
67 39 77
54 20 28
90 54 91
41 25 9
66 34 66
96 58 30
18 56 63
87 39 57
61 57 92
82 58 61
10 77 41
64 1 63
60 32 93
37 75 81
32 8 33
19 58 82
88 72 40
57 5 31
92 86 99
13 66 24
3 76 98
91 71 93
2 7 67
61 29 9
19 55 80
24 4 10
92 24 44
86 39 45
31 62 14
73 70 40
9 39 84
26 77 97
48 67 9
30 9 39
94 16 33
69 18 31
12 15 93
36 76 2
30 91 11
59 94 5
63 45 37
99 10 67
4 62 14
46 2 65
8 78 36
67 92 12
76 15 78
90 68 14
34 61 69
4 96 33
73 23 85
61 12 55
1 84 60
78 25 36
11 10 66
59 91 93
26 93 90
29 77 53
2 23 25
16 73 53
18 26 89
40 51 77
71 3 9
46 83 24
85 75 84
79 60 45
7 84 49
86 60 90
97 32 18
87 7 36
74 92 48
87 56 14
13 18 75
7 90 99
56 48 67
29 6 31
8 44 50
62 37 74
16 87 70
15 82 39
6 10 1
47 16 98
71 8 83
31 90 3
47 35 52
69 41 68
67 37 17
46 87 89
53 72 70
8 31 44
92 61 10
63 18 73
64 72 55
80 12 3
42 59 98
13 64 39
65 22 38
28 49 78
62 56 20
30 42 99
84 26 40
1 31 61
59 68 67
71 20 18
98 29 21
22 16 58
76 51 1
34 73 69
66 99 39
35 98 71
38 6 98
14 45 77
82 52 39
7 79 66
53 66 8
14 33 97
7 60 94
9 78 8
22 64 57
76 93 85
52 22 83
95 94 68
81 22 75
68 55 15
88 64 50
56 23 32
3 44 4
70 52 10
50 9 2
27 15 26
93 75 56
41 65 5
34 73 4
14 7 25
32 24 84
7 61 39
92 97 82
31 45 90
3 27 46
45 70 51
91 36 7
89 35 84
60 40 37
59 86 39
30 29 20
69 3 1
57 75 95
15 31 85
88 87 76
13 19 76
47 78 56
71 69 60
30 79 84
87 14 38
0 29 69
86 52 33
79 22 77
81 61 60
35 8 98
47 49 35
25 9 67
2 81 14
3 63 72
36 64 28
1 74 98
29 50 79
81 76 68
10 61 84
0 49 59
12 54 34
41 2 23
23 28 8
90 33 82
13 88 83
21 52 97
83 53 95
14 44 9
45 22 79
71 16 38
50 32 59
37 32 27
12 25 94
92 82 85
78 55 31
68 79 79
50 68 40
0 44 36
95 48 68
72 39 86
47 86 9
77 27 88
85 33 11
52 4 65
34 59 47
51 32 30
18 85 38
82 6 72
37 38 51
28 49 56
16 69 6
34 10 53
45 73 17
94 49 34
98 49 90
7 35 9
6 37 23
95 60 82
64 54 43
60 69 50
56 85 64
0 55 73
56 62 54
89 4 28
78 78 52
87 33 67
80 66 8
97 92 93
26 88 82
39 43 2
37 30 69
84 50 13
48 41 32
12 81 10
86 65 27
90 98 76
21 51 31
8 76 35
75 26 78
91 73 16
51 23 49
86 12 92
14 76 46
32 70 83
31 66 78
33 93 24
76 94 4
73 17 90
72 20 71
35 19 100
86 61 4
8 92 13
18 4 87
90 93 86
25 27 31
73 42 23
82 62 5
87 66 91
13 33 74
59 26 63
0 69 25
32 33 64
68 71 80
61 41 59
58 37 42
91 52 84
57 84 65
42 15 99
16 86 99
6 57 68
43 42 45
16 59 1
9 53 22
26 36 92
62 94 72
27 17 59
50 14 98
59 87 55
98 29 22
56 40 9
11 20 44
42 87 17
79 23 63
81 33 79
30 40 69
93 34 98
25 38 81
71 78 43
13 82 7
86 70 55
90 79 68
83 2 18
24 0 46
84 24 47
87 32 65
68 59 12
91 25 57
70 80 51
82 99 47
73 48 27
87 93 70
34 79 4
35 41 56
73 34 12
57 12 77
52 16 44
34 8 70
28 96 6
13 18 58
30 19 65
2 25 5
97 36 59
32 51 29
88 81 48
43 87 64
79 75 67
45 24 7
48 15 48
80 60 68
87 36 85
64 27 23
0 20 70
37 86 97
57 73 51
97 70 4
71 79 88
93 67 5
37 64 72
19 82 85
47 54 9
64 13 58
16 12 38
26 25 71
82 15 46
40 65 26
61 71 64
82 48 34
54 78 73
76 34 50
2 47 60
81 46 44
25 26 87
13 48 89
30 14 71
81 78 9
86 28 70
5 73 27
46 53 45
98 1 12
76 43 53
61 73 44
68 29 61
26 34 23
56 37 1
72 96 73
16 26 74
56 79 85
15 2 70
53 52 52
64 3 64
33 60 49
32 95 50
85 62 24
35 41 36
66 74 42
36 88 85
42 46 32
57 26 1
36 52 94
28 82 97
15 84 20
37 53 89
51 4 98
8 77 26
41 43 71
65 57 30
86 28 37
12 60 41
60 99 95
37 58 33
95 24 28
6 93 19
40 31 74
88 86 80
16 6 10
13 12 57
21 16 55
25 38 51
48 17 79
41 93 47
98 56 40
72 2 45
37 85 98
56 20 12
37 79 74
9 65 6
16 7 58
81 4 77
90 54 76
52 60 19
74 25 80
14 27 93
44 46 87
80 5 75
95 49 81
91 81 33
38 16 22
94 93 13
24 44 51
50 26 70
73 4 9
93 90 21
40 81 51
5 48 60
82 44 80
92 21 41
39 25 70
27 14 4
31 85 20
60 44 80
31 6 44
7 0 15
39 13 25
42 23 92
35 93 9
3 49 45
10 9 82
71 28 32
73 35 62
80 22 27
62 16 87
48 18 100
37 62 89
81 53 11
28 51 61
58 61 39
92 60 64
9 33 39
63 18 63
94 76 24
43 48 60
24 69 73
80 89 51
43 58 12
43 49 88
47 11 12
84 68 69
7 35 93
86 30 92
48 20 90
58 39 90
29 68 61
6 1 7
1 73 58
75 75 38
4 75 55
35 44 31
60 22 85
86 43 69
98 71 37
65 57 98
21 9 22
81 92 13
82 68 64
18 93 89
31 79 91
66 72 9
72 26 92
1 9 1
74 43 91
82 59 64
8 86 33
92 75 94
61 90 52
24 18 33
99 55 95
2 5 13
28 57 48
44 15 64
60 82 73
71 80 1
26 40 18
70 37 95
23 99 38
8 20 38
5 0 1
84 58 98
51 99 65
16 9 97
47 97 50
29 99 53
83 88 69
16 44 99
1 62 80
17 82 19
85 88 59
57 85 48
23 45 52
56 80 49
28 91 42
80 81 96
17 43 94
2 38 96
58 78 96
25 55 54
52 73 95
17 36 88
28 79 8
10 86 49
9 65 92
50 91 69
5 72 40
65 84 24
